### Data : Plethodon branching times from

plethodon <- c(96,  83.85,  61.73,  58.96, 48.76, 43.92, 39.66, 32.93, 31.63, 31.01, 12.4, 11.07, 9.24, 8.26, 7.45, 6.84, 6.03, 5.47, 5.38, 5.22, 4.62, 3.21, 1.12, 0.65, 0.46)